layout_spectrum: 0.7575153
typography_spectrum: 0.9088365
color:
  saturation: 0.03936853
  lightness: 0.2887246
  brandStrength: 0.8409868
  rhythmicContrast: 0.3541858
name: Something From Nothing
